70.66666666666667 
60.333333333333336 
63.0 
70.66666666666667 
73.33333333333333 
34.333333333333336 
55.333333333333336 
62.666666666666664 
50.0 
74.0 
71.66666666666667 
53.666666666666664 
63.0 
82.33333333333333 
61.0 
70.66666666666667 
60.0 
55.333333333333336 
70.0 
48.0 
69.66666666666667 
54.0 
61.333333333333336 
42.666666666666664 
88.66666666666667 
52.333333333333336 
66.0 
61.0 
73.0 
47.666666666666664 
63.0 
65.0 
52.0 
85.33333333333333 
58.333333333333336 
72.66666666666667 
55.0 
55.0 
83.0 
62.333333333333336 
45.0 
71.33333333333333 
90.33333333333333 
77.66666666666667 
68.33333333333333 
72.0 
63.333333333333336 
56.666666666666664 
49.0 
51.0 
60.666666666666664 
70.0 
34.666666666666664 
67.0 
49.333333333333336 
69.33333333333333 
53.333333333333336 
65.33333333333333 
63.0 
53.0 
53.333333333333336 
47.0 
76.66666666666667 
48.0 
60.0 
47.0 
80.66666666666667 
53.666666666666664 
67.66666666666667 
51.0 
56.0 
84.0 
62.0 
56.0 
61.0 
78.66666666666667 
63.333333333333336 
62.666666666666664 
85.66666666666667 
51.333333333333336 
74.0 
56.333333333333336 
65.33333333333333 
57.0 
53.666666666666664 
87.0 
42.333333333333336 
79.33333333333333 
70.33333333333333 
57.0 
72.0 
58.333333333333336 
74.0 
49.0 
82.66666666666667 
38.666666666666664 
91.0 
94.66666666666667 
64.33333333333333 
76.33333333333333 
47.666666666666664 
52.0 
45.0 
69.66666666666667 
59.333333333333336 
57.0 
69.66666666666667 
51.0 
52.0 
56.666666666666664 
77.33333333333333 
60.333333333333336 
63.333333333333336 
61.666666666666664 
53.333333333333336 
85.0 
70.66666666666667 
85.0 
42.0 
58.0 
66.0 
65.66666666666667 
77.33333333333333 
65.66666666666667 
38.333333333333336 
69.0 
88.33333333333333 
57.0 
71.0 
70.66666666666667 
65.0 
41.666666666666664 
59.333333333333336 
49.666666666666664 
55.666666666666664 
65.0 
55.666666666666664 
51.666666666666664 
61.0 
88.66666666666667 
66.33333333333333 
71.33333333333333 
62.333333333333336 
49.666666666666664 
51.333333333333336 
67.0 
80.33333333333333 
83.33333333333333 
84.66666666666667 
66.66666666666667 
58.666666666666664 
62.333333333333336 
72.0 
70.33333333333333 
63.666666666666664 
75.66666666666667 
65.0 
65.33333333333333 
50.0 
83.66666666666667 
32.666666666666664 
41.666666666666664 
87.66666666666667 
74.66666666666667 
60.666666666666664 
73.33333333333333 
46.666666666666664 
63.0 
61.666666666666664 
70.0 
68.66666666666667 
66.0 
54.0 
73.0 
79.66666666666667 
87.66666666666667 
47.0 
65.08474576271186 60.71186440677966 64.94915254237289 	